Reporter1: 0.31875315 0.6413074 0.0004893666 0.51845527 0.065329306 0.24323276 0.027724504 0.31651658 -0.03947474 0.21373442 -0.10595054 0.047126487 -0.11937998 0.03963829 -0.06586132 0.024426432 -0.025349464 0.035410114 -0.083158076 -0.10475348 -0.073812954 -0.013198471 -0.028139552 -0.008853989 -0.00033966074 0.04232621 0.027241526 -0.01829673
Reporter2: 0.023000946 0.41673625 0.15432018 0.5334745 0.22470126 0.21986839 0.1221628 0.26901785 -0.0069902833 0.104302205 -0.03258333 0.13572949 0.037732754 0.051960193 -0.05333726 -0.014840873 -0.048543844 -0.08259949 -0.08131235 -0.00314389 -0.009638911 0.082678564 0.10596344 -0.012578451 -0.022441717 -0.021689307 0.01954353 0.030874368
Hoksly: 0.86525786 0.07943995 0.7228683 0.15467066 0.42392552 0.113705285 0.33403406 0.080641314 0.3813467 0.07847749 0.18460467 0.11999434 0.14376271 0.117068686 0.18549445 0.05333356 0.123599134 0.009918063 -0.021364914 0.063710324 0.006340466 0.055534493 0.036846474 0.022302244 0.0016525014 0.0521456 -0.0030770963